https://powcoder.com
代写代考加微信 powcoder
Assignment Project Exam Help
Add WeChat powcoder
2	1	1
4	1	1
8	1	1
1	2	1
4	2	1
8	2	1
5	3	1
8	3	1
1	4	1
2	4	1
8	4	1
26	4	1
47	4	1
3	5	1
8	5	1
7	6	1
8	6	1
13	6	1
6	7	1
8	7	1
13	7	1
1	8	1
2	8	1
3	8	1
4	8	1
5	8	1
6	8	1
7	8	1
13	8	1
16	8	1
23	8	1
24	8	1
26	8	1
27	8	1
28	8	1
30	8	1
34	8	1
35	8	1
36	8	1
37	8	1
38	8	1
47	8	1
65	8	1
67	8	1
112	8	1
118	8	1
144	8	1
201	8	1
248	8	1
313	8	1
10	9	1
11	9	1
12	9	1
13	9	1
9	10	1
11	10	1
12	10	1
13	10	1
9	11	1
10	11	1
13	11	1
9	12	1
10	12	1
13	12	1
6	13	1
7	13	1
8	13	1
9	13	1
10	13	1
11	13	1
12	13	1
14	13	1
15	13	1
17	13	1
18	13	1
19	13	1
20	13	1
21	13	1
13	14	1
13	15	1
8	16	1
22	16	1
13	17	1
19	17	1
20	17	1
13	18	1
13	19	1
17	19	1
20	19	1
13	20	1
17	20	1
19	20	1
13	21	1
16	22	1
26	22	1
8	23	1
24	23	1
8	24	1
23	24	1
26	25	1
4	26	1
8	26	1
22	26	1
25	26	1
29	26	1
31	26	1
33	26	1
47	26	1
8	27	1
8	28	1
35	28	1
26	29	1
31	29	1
33	29	1
47	29	1
8	30	1
34	30	1
26	31	1
29	31	1
32	31	1
31	32	1
33	32	1
26	33	1
29	33	1
32	33	1
47	33	1
8	34	1
30	34	1
8	35	1
28	35	1
36	35	1
8	36	1
35	36	1
38	36	1
8	37	1
38	37	1
8	38	1
36	38	1
37	38	1
47	39	1
65	39	1
142	39	1
45	40	1
46	40	1
50	40	1
55	40	1
61	40	1
62	40	1
144	40	1
53	41	1
67	41	1
166	41	1
47	42	1
67	43	1
67	44	1
40	45	1
46	45	1
47	45	1
50	45	1
54	45	1
55	45	1
58	45	1
59	45	1
61	45	1
62	45	1
63	45	1
65	45	1
67	45	1
83	45	1
118	45	1
142	45	1
144	45	1
166	45	1
201	45	1
40	46	1
45	46	1
50	46	1
55	46	1
62	46	1
63	46	1
67	46	1
144	46	1
4	47	1
8	47	1
26	47	1
29	47	1
33	47	1
39	47	1
42	47	1
45	47	1
48	47	1
49	47	1
54	47	1
56	47	1
58	47	1
59	47	1
60	47	1
65	47	1
67	47	1
74	47	1
75	47	1
83	47	1
86	47	1
94	47	1
109	47	1
112	47	1
118	47	1
123	47	1
131	47	1
142	47	1
144	47	1
147	47	1
150	47	1
152	47	1
166	47	1
169	47	1
172	47	1
176	47	1
177	47	1
182	47	1
183	47	1
197	47	1
201	47	1
203	47	1
219	47	1
230	47	1
232	47	1
245	47	1
246	47	1
248	47	1
253	47	1
255	47	1
258	47	1
261	47	1
263	47	1
293	47	1
311	47	1
313	47	1
316	47	1
47	48	1
49	48	1
65	48	1
47	49	1
48	49	1
56	49	1
60	49	1
40	50	1
45	50	1
46	50	1
55	50	1
61	50	1
62	50	1
63	50	1
67	50	1
144	50	1
166	50	1
67	51	1
82	51	1
118	51	1
166	51	1
67	52	1
41	53	1
67	53	1
82	53	1
144	53	1
166	53	1
45	54	1
47	54	1
58	54	1
59	54	1
60	54	1
65	54	1
83	54	1
40	55	1
45	55	1
46	55	1
50	55	1
61	55	1
62	55	1
63	55	1
144	55	1
47	56	1
49	56	1
58	56	1
59	56	1
60	56	1
65	56	1
69	57	1
70	57	1
71	57	1
118	57	1
45	58	1
47	58	1
54	58	1
56	58	1
59	58	1
60	58	1
65	58	1
83	58	1
45	59	1
47	59	1
54	59	1
56	59	1
58	59	1
60	59	1
64	59	1
65	59	1
83	59	1
144	59	1
47	60	1
49	60	1
54	60	1
56	60	1
58	60	1
59	60	1
64	60	1
65	60	1
40	61	1
45	61	1
50	61	1
55	61	1
62	61	1
63	61	1
40	62	1
45	62	1
46	62	1
50	62	1
55	62	1
61	62	1
63	62	1
67	62	1
144	62	1
166	62	1
45	63	1
46	63	1
50	63	1
55	63	1
61	63	1
62	63	1
67	63	1
144	63	1
166	63	1
59	64	1
60	64	1
65	64	1
8	65	1
39	65	1
45	65	1
47	65	1
48	65	1
54	65	1
56	65	1
58	65	1
59	65	1
60	65	1
64	65	1
66	65	1
67	65	1
74	65	1
75	65	1
83	65	1
87	65	1
108	65	1
112	65	1
116	65	1
118	65	1
142	65	1
144	65	1
151	65	1
166	65	1
169	65	1
176	65	1
183	65	1
197	65	1
201	65	1
203	65	1
219	65	1
245	65	1
246	65	1
248	65	1
253	65	1
255	65	1
258	65	1
261	65	1
263	65	1
293	65	1
65	66	1
87	66	1
116	66	1
151	66	1
8	67	1
41	67	1
43	67	1
44	67	1
45	67	1
46	67	1
47	67	1
50	67	1
51	67	1
52	67	1
53	67	1
62	67	1
63	67	1
65	67	1
71	67	1
76	67	1
78	67	1
79	67	1
82	67	1
90	67	1
94	67	1
95	67	1
99	67	1
109	67	1
111	67	1
112	67	1
118	67	1
119	67	1
120	67	1
123	67	1
128	67	1
131	67	1
133	67	1
136	67	1
144	67	1
146	67	1
147	67	1
150	67	1
152	67	1
153	67	1
159	67	1
161	67	1
162	67	1
166	67	1
167	67	1
172	67	1
174	67	1
176	67	1
177	67	1
179	67	1
182	67	1
183	67	1
189	67	1
197	67	1
201	67	1
203	67	1
217	67	1
219	67	1
230	67	1
232	67	1
233	67	1
246	67	1
248	67	1
253	67	1
255	67	1
258	67	1
261	67	1
263	67	1
274	67	1
292	67	1
293	67	1
296	67	1
299	67	1
301	67	1
307	67	1
310	67	1
311	67	1
313	67	1
80	68	1
96	68	1
109	68	1
118	68	1
125	68	1
147	68	1
57	69	1
71	69	1
73	69	1
118	69	1
57	70	1
112	70	1
118	70	1
57	71	1
67	71	1
69	71	1
73	71	1
77	71	1
90	71	1
111	71	1
112	71	1
118	71	1
96	72	1
118	72	1
146	72	1
147	72	1
152	72	1
162	72	1
177	72	1
69	73	1
71	73	1
77	73	1
90	73	1
94	73	1
118	73	1
47	74	1
65	74	1
75	74	1
116	74	1
201	74	1
47	75	1
65	75	1
74	75	1
87	75	1
108	75	1
116	75	1
151	75	1
166	75	1
201	75	1
67	76	1
82	76	1
98	76	1
118	76	1
142	76	1
144	76	1
71	77	1
73	77	1
94	77	1
118	77	1
67	78	1
79	78	1
118	78	1
67	79	1
78	79	1
118	79	1
68	80	1
101	80	1
109	80	1
118	80	1
146	80	1
147	80	1
152	80	1
162	80	1
176	80	1
177	80	1
85	81	1
118	81	1
144	81	1
166	81	1
261	81	1
51	82	1
53	82	1
67	82	1
76	82	1
106	82	1
118	82	1
130	82	1
140	82	1
144	82	1
166	82	1
182	82	1
45	83	1
47	83	1
54	83	1
58	83	1
59	83	1
65	83	1
85	83	1
86	83	1
97	83	1
104	83	1
118	83	1
144	83	1
166	83	1
201	83	1
248	83	1
112	84	1
118	84	1
81	85	1
83	85	1
97	85	1
144	85	1
261	85	1
47	86	1
83	86	1
144	86	1
65	87	1
66	87	1
75	87	1
118	88	1
174	89	1
67	90	1
71	90	1
73	90	1
94	90	1
112	90	1
118	90	1
152	90	1
166	90	1
182	90	1
92	91	1
95	91	1
109	91	1
112	91	1
118	91	1
119	91	1
146	91	1
147	91	1
150	91	1
152	91	1
162	91	1
174	91	1
176	91	1
177	91	1
179	91	1
221	91	1
230	91	1
255	91	1
91	92	1
95	92	1
109	92	1
112	92	1
118	92	1
119	92	1
143	92	1
146	92	1
147	92	1
150	92	1
152	92	1
162	92	1
174	92	1
176	92	1
179	92	1
182	92	1
221	92	1
230	92	1
255	92	1
299	92	1
100	93	1
118	93	1
152	93	1
161	93	1
47	94	1
67	94	1
73	94	1
77	94	1
90	94	1
99	94	1
109	94	1
112	94	1
118	94	1
131	94	1
146	94	1
147	94	1
152	94	1
159	94	1
162	94	1
166	94	1
172	94	1
176	94	1
179	94	1
182	94	1
201	94	1
217	94	1
219	94	1
230	94	1
232	94	1
248	94	1
255	94	1
258	94	1
261	94	1
263	94	1
299	94	1
301	94	1
310	94	1
311	94	1
67	95	1
91	95	1
92	95	1
101	95	1
109	95	1
112	95	1
118	95	1
119	95	1
131	95	1
146	95	1
147	95	1
150	95	1
152	95	1
162	95	1
174	95	1
176	95	1
177	95	1
179	95	1
221	95	1
230	95	1
255	95	1
299	95	1
68	96	1
72	96	1
118	96	1
147	96	1
152	96	1
162	96	1
177	96	1
83	97	1
85	97	1
104	97	1
76	98	1
144	98	1
67	99	1
94	99	1
112	99	1
118	99	1
147	99	1
152	99	1
161	99	1
167	99	1
176	99	1
93	100	1
111	100	1
112	100	1
118	100	1
137	100	1
152	100	1
161	100	1
80	101	1
95	101	1
112	101	1
118	101	1
129	101	1
146	101	1
152	101	1
162	101	1
174	101	1
176	101	1
179	101	1
221	101	1
230	101	1
255	101	1
107	102	1
118	102	1
120	102	1
182	102	1
115	103	1
152	103	1
83	104	1
97	104	1
144	104	1
123	105	1
167	105	1
182	105	1
82	106	1
118	106	1
120	106	1
140	106	1
166	106	1
182	106	1
102	107	1
118	107	1
65	108	1
75	108	1
116	108	1
201	108	1
47	109	1
67	109	1
68	109	1
80	109	1
91	109	1
92	109	1
94	109	1
95	109	1
112	109	1
118	109	1
119	109	1
131	109	1
144	109	1
146	109	1
147	109	1
150	109	1
152	109	1
159	109	1
161	109	1
162	109	1
166	109	1
167	109	1
170	109	1
174	109	1
176	109	1
177	109	1
179	109	1
182	109	1
201	109	1
202	109	1
203	109	1
212	109	1
217	109	1
219	109	1
221	109	1
230	109	1
232	109	1
248	109	1
255	109	1
258	109	1
261	109	1
273	109	1
293	109	1
299	109	1
301	109	1
306	109	1
307	109	1
310	109	1
311	109	1
321	109	1
152	110	1
162	110	1
67	111	1
71	111	1
100	111	1
112	111	1
118	111	1
152	111	1
161	111	1
8	112	1
47	112	1
65	112	1
67	112	1
70	112	1
71	112	1
84	112	1
90	112	1
91	112	1
92	112	1
94	112	1
95	112	1
99	112	1
100	112	1
101	112	1
109	112	1
111	112	1
118	112	1
119	112	1
123	112	1
125	112	1
126	112	1
131	112	1
136	112	1
137	112	1
144	112	1
146	112	1
147	112	1
149	112	1
150	112	1
152	112	1
157	112	1
159	112	1
161	112	1
162	112	1
166	112	1
167	112	1
170	112	1
172	112	1
174	112	1
176	112	1
177	112	1
179	112	1
182	112	1
189	112	1
201	112	1
202	112	1
203	112	1
212	112	1
217	112	1
219	112	1
221	112	1
230	112	1
232	112	1
248	112	1
253	112	1
255	112	1
258	112	1
261	112	1
263	112	1
292	112	1
293	112	1
296	112	1
299	112	1
301	112	1
305	112	1
306	112	1
307	112	1
310	112	1
311	112	1
152	113	1
174	113	1
118	114	1
103	115	1
152	115	1
65	116	1
66	116	1
74	116	1
75	116	1
108	116	1
151	116	1
152	117	1
8	118	1
45	118	1
47	118	1
51	118	1
57	118	1
65	118	1
67	118	1
68	118	1
69	118	1
70	118	1
71	118	1
72	118	1
73	118	1
76	118	1
77	118	1
78	118	1
79	118	1
80	118	1
81	118	1
82	118	1
83	118	1
84	118	1
88	118	1
90	118	1
91	118	1
92	118	1
93	118	1
94	118	1
95	118	1
96	118	1
99	118	1
100	118	1
101	118	1
102	118	1
106	118	1
107	118	1
109	118	1
111	118	1
112	118	1
114	118	1
119	118	1
120	118	1
125	118	1
126	118	1
127	118	1
128	118	1
129	118	1
130	118	1
131	118	1
133	118	1
134	118	1
136	118	1
137	118	1
139	118	1
140	118	1
143	118	1
144	118	1
145	118	1
146	118	1
147	118	1
148	118	1
149	118	1
150	118	1
152	118	1
153	118	1
154	118	1
155	118	1
157	118	1
158	118	1
159	118	1
161	118	1
162	118	1
163	118	1
164	118	1
166	118	1
167	118	1
168	118	1
169	118	1
172	118	1
173	118	1
174	118	1
176	118	1
177	118	1
179	118	1
181	118	1
182	118	1
183	118	1
186	118	1
189	118	1
191	118	1
192	118	1
197	118	1
198	118	1
201	118	1
202	118	1
203	118	1
204	118	1
212	118	1
216	118	1
217	118	1
218	118	1
219	118	1
221	118	1
222	118	1
225	118	1
229	118	1
230	118	1
232	118	1
233	118	1
240	118	1
246	118	1
248	118	1
249	118	1
250	118	1
253	118	1
255	118	1
256	118	1
258	118	1
260	118	1
261	118	1
263	118	1
273	118	1
274	118	1
276	118	1
284	118	1
288	118	1
292	118	1
293	118	1
296	118	1
297	118	1
299	118	1
301	118	1
305	118	1
306	118	1
307	118	1
310	118	1
311	118	1
313	118	1
321	118	1
67	119	1
91	119	1
92	119	1
95	119	1
109	119	1
112	119	1
118	119	1
131	119	1
146	119	1
147	119	1
150	119	1
152	119	1
162	119	1
174	119	1
176	119	1
177	119	1
179	119	1
182	119	1
217	119	1
221	119	1
230	119	1
255	119	1
261	119	1
299	119	1
301	119	1
306	119	1
310	119	1
311	119	1
321	119	1
67	120	1
102	120	1
106	120	1
118	120	1
130	120	1
166	120	1
182	120	1
258	120	1
142	121	1
163	122	1
47	123	1
67	123	1
105	123	1
112	123	1
131	123	1
146	123	1
147	123	1
152	123	1
159	123	1
163	123	1
166	123	1
167	123	1
172	123	1
179	123	1
182	123	1
217	123	1
219	123	1
255	123	1
261	123	1
273	123	1
296	123	1
299	123	1
301	123	1
302	123	1
307	123	1
310	123	1
138	124	1
201	124	1
68	125	1
112	125	1
118	125	1
131	125	1
147	125	1
152	125	1
162	125	1
170	125	1
174	125	1
177	125	1
179	125	1
221	125	1
230	125	1
255	125	1
299	125	1
112	126	1
118	126	1
137	126	1
152	126	1
161	126	1
176	126	1
182	126	1
217	126	1
118	127	1
137	127	1
152	127	1
255	127	1
67	128	1
118	128	1
133	128	1
142	128	1
152	128	1
166	128	1
182	128	1
258	128	1
261	128	1
101	129	1
118	129	1
152	129	1
221	129	1
255	129	1
82	130	1
118	130	1
120	130	1
145	130	1
148	130	1
160	130	1
166	130	1
182	130	1
258	130	1
47	131	1
67	131	1
94	131	1
95	131	1
109	131	1
112	131	1
118	131	1
119	131	1
123	131	1
125	131	1
146	131	1
147	131	1
150	131	1
152	131	1
153	131	1
162	131	1
166	131	1
167	131	1
170	131	1
172	131	1
174	131	1
176	131	1
177	131	1
179	131	1
182	131	1
189	131	1
201	131	1
212	131	1
217	131	1
219	131	1
221	131	1
230	131	1
248	131	1
255	131	1
258	131	1
261	131	1
292	131	1
293	131	1
299	131	1
301	131	1
305	131	1
306	131	1
307	131	1
310	131	1
311	131	1
152	132	1
174	132	1
230	132	1
255	132	1
67	133	1
118	133	1
128	133	1
140	133	1
144	133	1
152	133	1
166	133	1
172	133	1
182	133	1
219	133	1
232	133	1
255	133	1
258	133	1
261	133	1
293	133	1
118	134	1
136	134	1
139	135	1
67	136	1
112	136	1
118	136	1
134	136	1
152	136	1
100	137	1
112	137	1
118	137	1
126	137	1
127	137	1
139	137	1
152	137	1
161	137	1
176	137	1
255	137	1
124	138	1
183	138	1
201	138	1
118	139	1
135	139	1
137	139	1
161	139	1
162	139	1
167	139	1
177	139	1
230	139	1
82	140	1
106	140	1
118	140	1
133	140	1
166	140	1
182	140	1
157	141	1
177	141	1
39	142	1
45	142	1
47	142	1
65	142	1
76	142	1
121	142	1
128	142	1
144	142	1
166	142	1
172	142	1
198	142	1
216	142	1
225	142	1
229	142	1
233	142	1
261	142	1
293	142	1
92	143	1
118	143	1
147	143	1
152	143	1
162	143	1
170	143	1
174	143	1
221	143	1
230	143	1
299	143	1
306	143	1
310	143	1
311	143	1
8	144	1
40	144	1
45	144	1
46	144	1
47	144	1
50	144	1
53	144	1
55	144	1
59	144	1
62	144	1
63	144	1
65	144	1
67	144	1
76	144	1
81	144	1
82	144	1
83	144	1
85	144	1
86	144	1
98	144	1
104	144	1
109	144	1
112	144	1
118	144	1
133	144	1
142	144	1
150	144	1
162	144	1
166	144	1
168	144	1
169	144	1
172	144	1
176	144	1
177	144	1
181	144	1
182	144	1
183	144	1
197	144	1
201	144	1
203	144	1
213	144	1
216	144	1
219	144	1
225	144	1
233	144	1
245	144	1
246	144	1
248	144	1
250	144	1
253	144	1
255	144	1
258	144	1
261	144	1
263	144	1
274	144	1
292	144	1
293	144	1
297	144	1
299	144	1
118	145	1
130	145	1
148	145	1
182	145	1
67	146	1
72	146	1
80	146	1
91	146	1
92	146	1
94	146	1
95	146	1
101	146	1
109	146	1
112	146	1
118	146	1
119	146	1
123	146	1
131	146	1
147	146	1
150	146	1
152	146	1
159	146	1
161	146	1
166	146	1
167	146	1
168	146	1
172	146	1
174	146	1
176	146	1
177	146	1
179	146	1
182	146	1
189	146	1
202	146	1
212	146	1
217	146	1
218	146	1
221	146	1
230	146	1
232	146	1
237	146	1
255	146	1
260	146	1
261	146	1
284	146	1
292	146	1
293	146	1
299	146	1
301	146	1
305	146	1
306	146	1
307	146	1
310	146	1
311	146	1
47	147	1
67	147	1
68	147	1
72	147	1
80	147	1
91	147	1
92	147	1
94	147	1
95	147	1
96	147	1
99	147	1
109	147	1
112	147	1
118	147	1
119	147	1
123	147	1
125	147	1
131	147	1
143	147	1
146	147	1
150	147	1
152	147	1
153	147	1
159	147	1
161	147	1
162	147	1
166	147	1
167	147	1
172	147	1
174	147	1
176	147	1
177	147	1
179	147	1
182	147	1
201	147	1
202	147	1
212	147	1
217	147	1
218	147	1
219	147	1
221	147	1
230	147	1
232	147	1
248	147	1
249	147	1
255	147	1
258	147	1
260	147	1
261	147	1
273	147	1
284	147	1
292	147	1
293	147	1
298	147	1
299	147	1
300	147	1
301	147	1
305	147	1
306	147	1
307	147	1
310	147	1
311	147	1
320	147	1
321	147	1
322	147	1
324	147	1
325	147	1
118	148	1
130	148	1
145	148	1
158	148	1
166	148	1
182	148	1
112	149	1
118	149	1
152	149	1
157	149	1
221	149	1
230	149	1
255	149	1
47	150	1
67	150	1
91	150	1
92	150	1
95	150	1
109	150	1
112	150	1
118	150	1
119	150	1
131	150	1
144	150	1
146	150	1
147	150	1
152	150	1
159	150	1
162	150	1
166	150	1
167	150	1
174	150	1
176	150	1
177	150	1
179	150	1
182	150	1
201	150	1
202	150	1
212	150	1
219	150	1
221	150	1
230	150	1
248	150	1
255	150	1
258	150	1
261	150	1
263	150	1
292	150	1
296	150	1
299	150	1
301	150	1
306	150	1
310	150	1
311	150	1
320	150	1
321	150	1
322	150	1
324	150	1
325	150	1
65	151	1
66	151	1
75	151	1
116	151	1
201	151	1
47	152	1
67	152	1
72	152	1
80	152	1
90	152	1
91	152	1
92	152	1
93	152	1
94	152	1
95	152	1
96	152	1
99	152	1
100	152	1
101	152	1
103	152	1
109	152	1
110	152	1
111	152	1
112	152	1
113	152	1
115	152	1
117	152	1
118	152	1
119	152	1
123	152	1
125	152	1
126	152	1
127	152	1
128	152	1
129	152	1
131	152	1
132	152	1
133	152	1
136	152	1
137	152	1
143	152	1
146	152	1
147	152	1
149	152	1
150	152	1
156	152	1
157	152	1
158	152	1
159	152	1
161	152	1
162	152	1
166	152	1
167	152	1
170	152	1
172	152	1
174	152	1
176	152	1
177	152	1
179	152	1
182	152	1
183	152	1
186	152	1
187	152	1
189	152	1
191	152	1
192	152	1
198	152	1
201	152	1
202	152	1
210	152	1
212	152	1
215	152	1
217	152	1
218	152	1
219	152	1
221	152	1
222	152	1
230	152	1
232	152	1
233	152	1
248	152	1
252	152	1
255	152	1
256	152	1
258	152	1
261	152	1
263	152	1
284	152	1
288	152	1
292	152	1
293	152	1
297	152	1
299	152	1
301	152	1
305	152	1
306	152	1
307	152	1
310	152	1
311	152	1
67	153	1
118	153	1
131	153	1
147	153	1
166	153	1
203	153	1
248	153	1
261	153	1
293	153	1
118	154	1
164	154	1
171	154	1
182	154	1
118	155	1
171	155	1
152	156	1
112	157	1
118	157	1
141	157	1
149	157	1
152	157	1
177	157	1
221	157	1
230	157	1
255	157	1
118	158	1
148	158	1
152	158	1
161	158	1
171	158	1
182	158	1
67	159	1
94	159	1
109	159	1
112	159	1
118	159	1
123	159	1
146	159	1
147	159	1
150	159	1
152	159	1
161	159	1
162	159	1
166	159	1
167	159	1
174	159	1
176	159	1
179	159	1
182	159	1
217	159	1
219	159	1
230	159	1
248	159	1
255	159	1
258	159	1
261	159	1
293	159	1
299	159	1
301	159	1
130	160	1
182	160	1
67	161	1
93	161	1
99	161	1
100	161	1
109	161	1
111	161	1
112	161	1
118	161	1
126	161	1
137	161	1
139	161	1
146	161	1
147	161	1
152	161	1
158	161	1
159	161	1
162	161	1
167	161	1
174	161	1
179	161	1
182	161	1
189	161	1
191	161	1
230	161	1
248	161	1
255	161	1
261	161	1
299	161	1
301	161	1
67	162	1
72	162	1
80	162	1
91	162	1
92	162	1
94	162	1
95	162	1
96	162	1
101	162	1
109	162	1
110	162	1
112	162	1
118	162	1
119	162	1
125	162	1
131	162	1
139	162	1
143	162	1
144	162	1
147	162	1
150	162	1
152	162	1
159	162	1
161	162	1
166	162	1
167	162	1
172	162	1
174	162	1
176	162	1
177	162	1
179	162	1
182	162	1
201	162	1
202	162	1
212	162	1
217	162	1
218	162	1
219	162	1
221	162	1
230	162	1
232	162	1
237	162	1
243	162	1
248	162	1
249	162	1
252	162	1
255	162	1
258	162	1
261	162	1
273	162	1
284	162	1
288	162	1
292	162	1
293	162	1
299	162	1
301	162	1
305	162	1
306	162	1
307	162	1
310	162	1
311	162	1
321	162	1
118	163	1
122	163	1
123	163	1
182	163	1
118	164	1
154	164	1
182	164	1
201	165	1
41	166	1
45	166	1
47	166	1
50	166	1
51	166	1
53	166	1
62	166	1
63	166	1
65	166	1
67	166	1
75	166	1
81	166	1
82	166	1
83	166	1
90	166	1
94	166	1
106	166	1
109	166	1
112	166	1
118	166	1
120	166	1
123	166	1
128	166	1
130	166	1
131	166	1
133	166	1
140	166	1
142	166	1
144	166	1
146	166	1
147	166	1
148	166	1
150	166	1
152	166	1
153	166	1
159	166	1
162	166	1
167	166	1
168	166	1
169	166	1
172	166	1
173	166	1
174	166	1
175	166	1
176	166	1
177	166	1
181	166	1
182	166	1
183	166	1
184	166	1
197	166	1
198	166	1
201	166	1
203	166	1
206	166	1
213	166	1
216	166	1
217	166	1
219	166	1
225	166	1
230	166	1
232	166	1
233	166	1
242	166	1
245	166	1
246	166	1
248	166	1
250	166	1
251	166	1
253	166	1
255	166	1
258	166	1
261	166	1
263	166	1
274	166	1
276	166	1
288	166	1
292	166	1
293	166	1
296	166	1
297	166	1
299	166	1
301	166	1
311	166	1
313	166	1
67	167	1
99	167	1
105	167	1
109	167	1
112	167	1
118	167	1
123	167	1
131	167	1
139	167	1
146	167	1
147	167	1
150	167	1
152	167	1
159	167	1
161	167	1
162	167	1
166	167	1
172	167	1
174	167	1
176	167	1
179	167	1
182	167	1
189	167	1
191	167	1
201	167	1
217	167	1
219	167	1
230	167	1
232	167	1
248	167	1
255	167	1
258	167	1
261	167	1
292	167	1
293	167	1
299	167	1
301	167	1
302	167	1
307	167	1
310	167	1
311	167	1
118	168	1
144	168	1
146	168	1
166	168	1
248	168	1
258	168	1
261	168	1
47	169	1
65	169	1
118	169	1
144	169	1
166	169	1
183	169	1
197	169	1
201	169	1
203	169	1
213	169	1
219	169	1
246	169	1
248	169	1
258	169	1
261	169	1
263	169	1
109	170	1
112	170	1
125	170	1
131	170	1
143	170	1
152	170	1
154	171	1
155	171	1
158	171	1
47	172	1
67	172	1
94	172	1
112	172	1
118	172	1
123	172	1
131	172	1
133	172	1
142	172	1
144	172	1
146	172	1
147	172	1
152	172	1
162	172	1
166	172	1
167	172	1
174	172	1
176	172	1
179	172	1
182	172	1
198	172	1
201	172	1
216	172	1
217	172	1
219	172	1
225	172	1
230	172	1
232	172	1
248	172	1
255	172	1
258	172	1
261	172	1
263	172	1
293	172	1
299	172	1
118	173	1
166	173	1
248	173	1
261	173	1
67	174	1
89	174	1
91	174	1
92	174	1
95	174	1
101	174	1
109	174	1
112	174	1
113	174	1
118	174	1
119	174	1
125	174	1
131	174	1
132	174	1
143	174	1
146	174	1
147	174	1
150	174	1
152	174	1
159	174	1
161	174	1
162	174	1
166	174	1
167	174	1
172	174	1
176	174	1
177	174	1
182	174	1
201	174	1
202	174	1
204	174	1
212	174	1
217	174	1
218	174	1
219	174	1
221	174	1
230	174	1
248	174	1
255	174	1
258	174	1
261	174	1
273	174	1
284	174	1
292	174	1
293	174	1
299	174	1
301	174	1
305	174	1
306	174	1
307	174	1
310	174	1
311	174	1
321	174	1
166	175	1
47	176	1
65	176	1
67	176	1
80	176	1
91	176	1
92	176	1
94	176	1
95	176	1
99	176	1
101	176	1
109	176	1
112	176	1
118	176	1
119	176	1
126	176	1
131	176	1
137	176	1
144	176	1
146	176	1
147	176	1
150	176	1
152	176	1
159	176	1
162	176	1
166	176	1
167	176	1
172	176	1
174	176	1
179	176	1
182	176	1
189	176	1
192	176	1
201	176	1
202	176	1
212	176	1
217	176	1
218	176	1
219	176	1
221	176	1
222	176	1
230	176	1
232	176	1
233	176	1
239	176	1
248	176	1
255	176	1
256	176	1
258	176	1
261	176	1
263	176	1
271	176	1
284	176	1
292	176	1
296	176	1
299	176	1
301	176	1
305	176	1
306	176	1
307	176	1
310	176	1
311	176	1
47	177	1
67	177	1
72	177	1
80	177	1
91	177	1
95	177	1
96	177	1
109	177	1
112	177	1
118	177	1
119	177	1
125	177	1
131	177	1
139	177	1
141	177	1
144	177	1
146	177	1
147	177	1
150	177	1
152	177	1
157	177	1
162	177	1
166	177	1
174	177	1
179	177	1
182	177	1
190	177	1
201	177	1
202	177	1
204	177	1
212	177	1
218	177	1
230	177	1
240	177	1
248	177	1
255	177	1
258	177	1
260	177	1
261	177	1
263	177	1
273	177	1
292	177	1
293	177	1
299	177	1
301	177	1
310	177	1
311	177	1
321	177	1
201	178	1
67	179	1
91	179	1
92	179	1
94	179	1
95	179	1
101	179	1
109	179	1
112	179	1
118	179	1
119	179	1
123	179	1
125	179	1
131	179	1
146	179	1
147	179	1
150	179	1
152	179	1
159	179	1
161	179	1
162	179	1
167	179	1
172	179	1
176	179	1
177	179	1
182	179	1
189	179	1
217	179	1
218	179	1
221	179	1
230	179	1
232	179	1
255	179	1
260	179	1
261	179	1
292	179	1
293	179	1
299	179	1
301	179	1
306	179	1
307	179	1
310	179	1
311	179	1
182	180	1
118	181	1
144	181	1
166	181	1
182	181	1
188	181	1
219	181	1
258	181	1
261	181	1
47	182	1
67	182	1
82	182	1
90	182	1
92	182	1
94	182	1
102	182	1
105	182	1
106	182	1
109	182	1
112	182	1
118	182	1
119	182	1
120	182	1
123	182	1
126	182	1
128	182	1
130	182	1
131	182	1
133	182	1
140	182	1
144	182	1
145	182	1
146	182	1
147	182	1
148	182	1
150	182	1
152	182	1
154	182	1
158	182	1
159	182	1
160	182	1
161	182	1
162	182	1
163	182	1
164	182	1
166	182	1
167	182	1
172	182	1
174	182	1
176	182	1
177	182	1
179	182	1
180	182	1
181	182	1
189	182	1
191	182	1
192	182	1
195	182	1
196	182	1
198	182	1
201	182	1
203	182	1
206	182	1
207	182	1
209	182	1
211	182	1
212	182	1
216	182	1
217	182	1
219	182	1
220	182	1
221	182	1
222	182	1
225	182	1
226	182	1
230	182	1
232	182	1
233	182	1
239	182	1
246	182	1
248	182	1
250	182	1
253	182	1
255	182	1
256	182	1
258	182	1
261	182	1
263	182	1
274	182	1
284	182	1
292	182	1
293	182	1
296	182	1
297	182	1
299	182	1
301	182	1
305	182	1
306	182	1
307	182	1
310	182	1
311	182	1
313	182	1
321	182	1
47	183	1
65	183	1
67	183	1
118	183	1
138	183	1
144	183	1
152	183	1
166	183	1
169	183	1
197	183	1
201	183	1
203	183	1
213	183	1
219	183	1
224	183	1
245	183	1
246	183	1
248	183	1
253	183	1
258	183	1
261	183	1
263	183	1
293	183	1
166	184	1
255	184	1
261	184	1
293	184	1
201	185	1
118	186	1
152	186	1
192	186	1
230	186	1
152	187	1
181	188	1
67	189	1
112	189	1
118	189	1
131	189	1
146	189	1
152	189	1
161	189	1
167	189	1
176	189	1
179	189	1
182	189	1
192	189	1
217	189	1
230	189	1
232	189	1
255	189	1
256	189	1
261	189	1
177	190	1
202	190	1
230	190	1
118	191	1
152	191	1
161	191	1
167	191	1
182	191	1
118	192	1
152	192	1
176	192	1
182	192	1
186	192	1
189	192	1
204	192	1
217	192	1
222	192	1
255	192	1
201	193	1
221	194	1
182	195	1
207	195	1
182	196	1
47	197	1
65	197	1
67	197	1
118	197	1
144	197	1
166	197	1
169	197	1
183	197	1
201	197	1
213	197	1
219	197	1
245	197	1
246	197	1
248	197	1
250	197	1
251	197	1
253	197	1
258	197	1
261	197	1
263	197	1
118	198	1
142	198	1
152	198	1
166	198	1
172	198	1
182	198	1
206	198	1
216	198	1
219	198	1
232	198	1
258	198	1
261	198	1
201	199	1
213	199	1
213	200	1
8	201	1
45	201	1
47	201	1
65	201	1
67	201	1
74	201	1
75	201	1
83	201	1
94	201	1
108	201	1
109	201	1
112	201	1
118	201	1
124	201	1
131	201	1
138	201	1
144	201	1
147	201	1
150	201	1
151	201	1
152	201	1
162	201	1
165	201	1
166	201	1
167	201	1
169	201	1
172	201	1
174	201	1
176	201	1
177	201	1
178	201	1
182	201	1
183	201	1
185	201	1
193	201	1
197	201	1
199	201	1
203	201	1
205	201	1
213	201	1
214	201	1
217	201	1
219	201	1
224	201	1
228	201	1
230	201	1
232	201	1
233	201	1
236	201	1
242	201	1
245	201	1
246	201	1
248	201	1
250	201	1
251	201	1
253	201	1
255	201	1
258	201	1
261	201	1
263	201	1
276	201	1
292	201	1
293	201	1
299	201	1
311	201	1
313	201	1
316	201	1
318	201	1
109	202	1
112	202	1
118	202	1
146	202	1
147	202	1
150	202	1
152	202	1
162	202	1
174	202	1
176	202	1
177	202	1
190	202	1
204	202	1
212	202	1
217	202	1
221	202	1
230	202	1
255	202	1
261	202	1
47	203	1
65	203	1
67	203	1
109	203	1
112	203	1
118	203	1
144	203	1
153	203	1
166	203	1
169	203	1
182	203	1
183	203	1
201	203	1
219	203	1
245	203	1
246	203	1
248	203	1
250	203	1
251	203	1
253	203	1
258	203	1
261	203	1
263	203	1
288	203	1
293	203	1
311	203	1
118	204	1
174	204	1
177	204	1
192	204	1
202	204	1
218	204	1
230	204	1
201	205	1
213	205	1
166	206	1
182	206	1
198	206	1
209	206	1
239	206	1
261	206	1
182	207	1
195	207	1
258	208	1
182	209	1
206	209	1
152	210	1
182	211	1
109	212	1
112	212	1
118	212	1
131	212	1
146	212	1
147	212	1
150	212	1
152	212	1
162	212	1
174	212	1
176	212	1
177	212	1
182	212	1
202	212	1
217	212	1
221	212	1
230	212	1
255	212	1
261	212	1
144	213	1
166	213	1
169	213	1
183	213	1
197	213	1
199	213	1
200	213	1
201	213	1
205	213	1
245	213	1
246	213	1
248	213	1
253	213	1
261	213	1
263	213	1
201	214	1
248	214	1
152	215	1
230	215	1
255	215	1
118	216	1
142	216	1
144	216	1
166	216	1
172	216	1
182	216	1
198	216	1
225	216	1
232	216	1
239	216	1
255	216	1
258	216	1
261	216	1
262	216	1
293	216	1
296	216	1
67	217	1
94	217	1
109	217	1
112	217	1
118	217	1
119	217	1
123	217	1
126	217	1
131	217	1
146	217	1
147	217	1
152	217	1
159	217	1
162	217	1
166	217	1
167	217	1
172	217	1
174	217	1
176	217	1
179	217	1
182	217	1
189	217	1
192	217	1
201	217	1
202	217	1
212	217	1
218	217	1
219	217	1
221	217	1
222	217	1
230	217	1
232	217	1
239	217	1
240	217	1
248	217	1
255	217	1
256	217	1
258	217	1
261	217	1
263	217	1
271	217	1
281	217	1
283	217	1
284	217	1
286	217	1
292	217	1
293	217	1
296	217	1
297	217	1
299	217	1
301	217	1
306	217	1
307	217	1
310	217	1
311	217	1
321	217	1
118	218	1
146	218	1
147	218	1
152	218	1
162	218	1
174	218	1
176	218	1
177	218	1
179	218	1
204	218	1
217	218	1
221	218	1
230	218	1
235	218	1
249	218	1
255	218	1
261	218	1
299	218	1
47	219	1
65	219	1
67	219	1
94	219	1
109	219	1
112	219	1
118	219	1
123	219	1
131	219	1
133	219	1
144	219	1
147	219	1
150	219	1
152	219	1
159	219	1
162	219	1
166	219	1
167	219	1
169	219	1
172	219	1
174	219	1
176	219	1
181	219	1
182	219	1
183	219	1
197	219	1
198	219	1
201	219	1
203	219	1
217	219	1
230	219	1
232	219	1
233	219	1
245	219	1
246	219	1
248	219	1
250	219	1
253	219	1
255	219	1
258	219	1
261	219	1
263	219	1
274	219	1
276	219	1
293	219	1
297	219	1
299	219	1
301	219	1
313	219	1
182	220	1
226	220	1
261	220	1
91	221	1
92	221	1
95	221	1
101	221	1
109	221	1
112	221	1
118	221	1
119	221	1
125	221	1
129	221	1
131	221	1
143	221	1
146	221	1
147	221	1
149	221	1
150	221	1
152	221	1
157	221	1
162	221	1
174	221	1
176	221	1
179	221	1
182	221	1
194	221	1
202	221	1
212	221	1
217	221	1
218	221	1
230	221	1
237	221	1
243	221	1
249	221	1
252	221	1
255	221	1
260	221	1
261	221	1
273	221	1
284	221	1
298	221	1
299	221	1
300	221	1
301	221	1
305	221	1
306	221	1
307	221	1
310	221	1
311	221	1
321	221	1
322	221	1
325	221	1
118	222	1
152	222	1
176	222	1
182	222	1
192	222	1
217	222	1
230	222	1
232	222	1
255	222	1
261	222	1
230	223	1
255	223	1
183	224	1
201	224	1
242	224	1
261	224	1
118	225	1
142	225	1
144	225	1
166	225	1
172	225	1
182	225	1
216	225	1
232	225	1
255	225	1
258	225	1
261	225	1
262	225	1
293	225	1
296	225	1
182	226	1
220	226	1
261	226	1
230	227	1
201	228	1
236	228	1
118	229	1
142	229	1
233	229	1
254	229	1
261	229	1
262	229	1
274	229	1
47	230	1
67	230	1
91	230	1
92	230	1
94	230	1
95	230	1
101	230	1
109	230	1
112	230	1
118	230	1
119	230	1
125	230	1
131	230	1
132	230	1
139	230	1
143	230	1
146	230	1
147	230	1
149	230	1
150	230	1
152	230	1
157	230	1
159	230	1
161	230	1
162	230	1
166	230	1
167	230	1
172	230	1
174	230	1
176	230	1
177	230	1
179	230	1
182	230	1
186	230	1
189	230	1
190	230	1
201	230	1
202	230	1
204	230	1
212	230	1
215	230	1
217	230	1
218	230	1
219	230	1
221	230	1
222	230	1
223	230	1
227	230	1
232	230	1
234	230	1
235	230	1
237	230	1
238	230	1
239	230	1
240	230	1
243	230	1
248	230	1
249	230	1
252	230	1
255	230	1
256	230	1
258	230	1
259	230	1
260	230	1
261	230	1
263	230	1
272	230	1
273	230	1
281	230	1
284	230	1
286	230	1
287	230	1
288	230	1
292	230	1
293	230	1
295	230	1
297	230	1
298	230	1
299	230	1
300	230	1
301	230	1
305	230	1
306	230	1
307	230	1
310	230	1
311	230	1
321	230	1
258	231	1
47	232	1
67	232	1
94	232	1
109	232	1
112	232	1
118	232	1
133	232	1
146	232	1
147	232	1
152	232	1
162	232	1
166	232	1
167	232	1
172	232	1
176	232	1
179	232	1
182	232	1
189	232	1
198	232	1
201	232	1
216	232	1
217	232	1
219	232	1
222	232	1
225	232	1
230	232	1
239	232	1
240	232	1
248	232	1
255	232	1
256	232	1
258	232	1
261	232	1
283	232	1
285	232	1
288	232	1
292	232	1
296	232	1
297	232	1
299	232	1
301	232	1
307	232	1
310	232	1
311	232	1
67	233	1
118	233	1
142	233	1
144	233	1
152	233	1
166	233	1
176	233	1
182	233	1
201	233	1
219	233	1
229	233	1
248	233	1
254	233	1
255	233	1
258	233	1
261	233	1
262	233	1
263	233	1
274	233	1
275	233	1
276	233	1
293	233	1
296	233	1
230	234	1
255	234	1
218	235	1
230	235	1
201	236	1
228	236	1
146	237	1
162	237	1
221	237	1
230	237	1
255	237	1
230	238	1
176	239	1
182	239	1
206	239	1
216	239	1
217	239	1
230	239	1
232	239	1
255	239	1
261	239	1
262	239	1
118	240	1
177	240	1
217	240	1
230	240	1
232	240	1
255	240	1
256	240	1
261	240	1
261	241	1
166	242	1
201	242	1
224	242	1
245	242	1
248	242	1
251	242	1
261	242	1
162	243	1
221	243	1
230	243	1
248	244	1
47	245	1
65	245	1
144	245	1
166	245	1
183	245	1
197	245	1
201	245	1
203	245	1
213	245	1
219	245	1
242	245	1
246	245	1
248	245	1
253	245	1
258	245	1
261	245	1
263	245	1
47	246	1
65	246	1
67	246	1
118	246	1
144	246	1
166	246	1
169	246	1
182	246	1
183	246	1
197	246	1
201	246	1
203	246	1
213	246	1
219	246	1
245	246	1
250	246	1
253	246	1
255	246	1
258	246	1
261	246	1
263	246	1
293	246	1
313	246	1
261	247	1
8	248	1
47	248	1
65	248	1
67	248	1
83	248	1
94	248	1
109	248	1
112	248	1
118	248	1
131	248	1
144	248	1
147	248	1
150	248	1
152	248	1
153	248	1
159	248	1
161	248	1
162	248	1
166	248	1
167	248	1
168	248	1
169	248	1
172	248	1
173	248	1
174	248	1
176	248	1
177	248	1
182	248	1
183	248	1
197	248	1
201	248	1
203	248	1
213	248	1
214	248	1
217	248	1
219	248	1
230	248	1
232	248	1
233	248	1
242	248	1
244	248	1
245	248	1
250	248	1
253	248	1
255	248	1
258	248	1
261	248	1
263	248	1
274	248	1
276	248	1
292	248	1
293	248	1
299	248	1
301	248	1
311	248	1
313	248	1
316	248	1
318	248	1
331	248	1
118	249	1
147	249	1
162	249	1
218	249	1
221	249	1
230	249	1
255	249	1
259	249	1
260	249	1
118	250	1
144	250	1
166	250	1
182	250	1
197	250	1
201	250	1
203	250	1
219	250	1
246	250	1
248	250	1
258	250	1
261	250	1
263	250	1
274	250	1
166	251	1
197	251	1
201	251	1
203	251	1
242	251	1
258	251	1
261	251	1
152	252	1
162	252	1
221	252	1
230	252	1
47	253	1
65	253	1
67	253	1
112	253	1
118	253	1
144	253	1
166	253	1
182	253	1
183	253	1
197	253	1
201	253	1
203	253	1
213	253	1
219	253	1
245	253	1
246	253	1
248	253	1
255	253	1
258	253	1
261	253	1
263	253	1
293	253	1
229	254	1
233	254	1
261	254	1
262	254	1
276	254	1
288	254	1
47	255	1
65	255	1
67	255	1
91	255	1
92	255	1
94	255	1
95	255	1
101	255	1
109	255	1
112	255	1
118	255	1
119	255	1
123	255	1
125	255	1
127	255	1
129	255	1
131	255	1
132	255	1
133	255	1
137	255	1
144	255	1
146	255	1
147	255	1
149	255	1
150	255	1
152	255	1
157	255	1
159	255	1
161	255	1
162	255	1
166	255	1
167	255	1
172	255	1
174	255	1
176	255	1
177	255	1
179	255	1
182	255	1
184	255	1
189	255	1
192	255	1
201	255	1
202	255	1
212	255	1
215	255	1
216	255	1
217	255	1
218	255	1
219	255	1
221	255	1
222	255	1
223	255	1
225	255	1
230	255	1
232	255	1
233	255	1
234	255	1
237	255	1
239	255	1
240	255	1
246	255	1
248	255	1
249	255	1
253	255	1
256	255	1
258	255	1
259	255	1
260	255	1
261	255	1
263	255	1
265	255	1
266	255	1
267	255	1
271	255	1
272	255	1
273	255	1
276	255	1
281	255	1
283	255	1
284	255	1
286	255	1
287	255	1
288	255	1
289	255	1
292	255	1
293	255	1
295	255	1
296	255	1
297	255	1
298	255	1
299	255	1
300	255	1
301	255	1
305	255	1
306	255	1
307	255	1
310	255	1
311	255	1
313	255	1
321	255	1
322	255	1
118	256	1
152	256	1
176	256	1
182	256	1
189	256	1
217	256	1
230	256	1
232	256	1
240	256	1
255	256	1
261	256	1
267	256	1
271	256	1
272	256	1
292	256	1
296	256	1
299	256	1
261	257	1
47	258	1
65	258	1
67	258	1
94	258	1
109	258	1
112	258	1
118	258	1
120	258	1
128	258	1
130	258	1
131	258	1
133	258	1
144	258	1
147	258	1
150	258	1
152	258	1
159	258	1
162	258	1
166	258	1
167	258	1
168	258	1
169	258	1
172	258	1
174	258	1
176	258	1
177	258	1
181	258	1
182	258	1
183	258	1
197	258	1
198	258	1
201	258	1
203	258	1
208	258	1
216	258	1
217	258	1
219	258	1
225	258	1
230	258	1
231	258	1
232	258	1
233	258	1
245	258	1
246	258	1
248	258	1
250	258	1
251	258	1
253	258	1
255	258	1
261	258	1
263	258	1
264	258	1
274	258	1
276	258	1
288	258	1
293	258	1
296	258	1
297	258	1
299	258	1
313	258	1
230	259	1
249	259	1
255	259	1
273	259	1
118	260	1
146	260	1
147	260	1
177	260	1
179	260	1
221	260	1
230	260	1
249	260	1
255	260	1
273	260	1
284	260	1
47	261	1
65	261	1
67	261	1
81	261	1
85	261	1
94	261	1
109	261	1
112	261	1
118	261	1
119	261	1
123	261	1
128	261	1
131	261	1
133	261	1
142	261	1
144	261	1
146	261	1
147	261	1
150	261	1
152	261	1
153	261	1
159	261	1
161	261	1
162	261	1
166	261	1
167	261	1
168	261	1
169	261	1
172	261	1
173	261	1
174	261	1
176	261	1
177	261	1
179	261	1
181	261	1
182	261	1
183	261	1
184	261	1
189	261	1
197	261	1
198	261	1
201	261	1
202	261	1
203	261	1
206	261	1
212	261	1
213	261	1
216	261	1
217	261	1
218	261	1
219	261	1
220	261	1
221	261	1
222	261	1
224	261	1
225	261	1
226	261	1
229	261	1
230	261	1
232	261	1
233	261	1
239	261	1
240	261	1
241	261	1
242	261	1
245	261	1
246	261	1
247	261	1
248	261	1
250	261	1
251	261	1
253	261	1
254	261	1
255	261	1
256	261	1
257	261	1
258	261	1
263	261	1
266	261	1
267	261	1
268	261	1
269	261	1
270	261	1
271	261	1
273	261	1
274	261	1
275	261	1
276	261	1
277	261	1
278	261	1
279	261	1
280	261	1
281	261	1
282	261	1
283	261	1
284	261	1
286	261	1
288	261	1
290	261	1
291	261	1
292	261	1
293	261	1
294	261	1
296	261	1
297	261	1
299	261	1
301	261	1
303	261	1
304	261	1
305	261	1
306	261	1
307	261	1
308	261	1
309	261	1
310	261	1
311	261	1
313	261	1
321	261	1
216	262	1
225	262	1
229	262	1
233	262	1
239	262	1
254	262	1
275	262	1
276	262	1
288	262	1
292	262	1
293	262	1
296	262	1
297	262	1
47	263	1
65	263	1
67	263	1
94	263	1
112	263	1
118	263	1
144	263	1
150	263	1
152	263	1
166	263	1
169	263	1
172	263	1
176	263	1
177	263	1
182	263	1
183	263	1
197	263	1
201	263	1
203	263	1
213	263	1
217	263	1
219	263	1
230	263	1
233	263	1
245	263	1
246	263	1
248	263	1
250	263	1
253	263	1
255	263	1
258	263	1
261	263	1
276	263	1
293	263	1
311	263	1
313	263	1
258	264	1
255	265	1
255	266	1
261	266	1
267	266	1
271	266	1
272	266	1
281	266	1
286	266	1
255	267	1
256	267	1
261	267	1
266	267	1
271	267	1
281	267	1
283	267	1
261	268	1
261	269	1
270	269	1
261	270	1
269	270	1
176	271	1
217	271	1
255	271	1
256	271	1
261	271	1
266	271	1
267	271	1
281	271	1
283	271	1
230	272	1
255	272	1
256	272	1
266	272	1
283	272	1
109	273	1
118	273	1
123	273	1
147	273	1
162	273	1
174	273	1
177	273	1
221	273	1
230	273	1
255	273	1
259	273	1
260	273	1
261	273	1
284	273	1
299	273	1
322	273	1
325	273	1
67	274	1
118	274	1
144	274	1
166	274	1
182	274	1
219	274	1
229	274	1
233	274	1
248	274	1
250	274	1
258	274	1
261	274	1
293	274	1
233	275	1
261	275	1
262	275	1
276	275	1
288	275	1
296	275	1
118	276	1
166	276	1
201	276	1
219	276	1
233	276	1
248	276	1
254	276	1
255	276	1
258	276	1
261	276	1
262	276	1
263	276	1
275	276	1
288	276	1
293	276	1
296	276	1
297	276	1
261	277	1
261	278	1
261	279	1
261	280	1
217	281	1
230	281	1
255	281	1
261	281	1
266	281	1
267	281	1
271	281	1
283	281	1
286	281	1
293	281	1
261	282	1
217	283	1
232	283	1
255	283	1
261	283	1
267	283	1
271	283	1
272	283	1
281	283	1
293	283	1
118	284	1
146	284	1
147	284	1
152	284	1
162	284	1
174	284	1
176	284	1
182	284	1
217	284	1
221	284	1
230	284	1
255	284	1
260	284	1
261	284	1
273	284	1
286	284	1
293	284	1
298	284	1
299	284	1
300	284	1
306	284	1
311	284	1
232	285	1
217	286	1
230	286	1
255	286	1
261	286	1
266	286	1
281	286	1
284	286	1
293	286	1
299	286	1
301	286	1
230	287	1
255	287	1
299	287	1
301	287	1
311	287	1
118	288	1
152	288	1
162	288	1
166	288	1
203	288	1
230	288	1
232	288	1
254	288	1
255	288	1
258	288	1
261	288	1
262	288	1
275	288	1
276	288	1
293	288	1
296	288	1
297	288	1
308	288	1
255	289	1
261	290	1
293	290	1
261	291	1
67	292	1
112	292	1
118	292	1
131	292	1
144	292	1
146	292	1
147	292	1
150	292	1
152	292	1
162	292	1
166	292	1
167	292	1
174	292	1
176	292	1
177	292	1
179	292	1
182	292	1
201	292	1
217	292	1
230	292	1
232	292	1
248	292	1
255	292	1
256	292	1
261	292	1
262	292	1
293	292	1
296	292	1
297	292	1
299	292	1
301	292	1
310	292	1
311	292	1
47	293	1
65	293	1
67	293	1
109	293	1
112	293	1
118	293	1
131	293	1
133	293	1
142	293	1
144	293	1
146	293	1
147	293	1
152	293	1
153	293	1
159	293	1
162	293	1
166	293	1
167	293	1
172	293	1
174	293	1
177	293	1
179	293	1
182	293	1
183	293	1
184	293	1
201	293	1
203	293	1
216	293	1
217	293	1
219	293	1
225	293	1
230	293	1
233	293	1
246	293	1
248	293	1
253	293	1
255	293	1
258	293	1
261	293	1
262	293	1
263	293	1
274	293	1
276	293	1
281	293	1
283	293	1
284	293	1
286	293	1
288	293	1
290	293	1
292	293	1
296	293	1
297	293	1
299	293	1
301	293	1
303	293	1
305	293	1
306	293	1
307	293	1
308	293	1
309	293	1
310	293	1
311	293	1
261	294	1
230	295	1
255	295	1
67	296	1
112	296	1
118	296	1
123	296	1
150	296	1
166	296	1
176	296	1
182	296	1
216	296	1
217	296	1
225	296	1
232	296	1
233	296	1
255	296	1
256	296	1
258	296	1
261	296	1
262	296	1
275	296	1
276	296	1
288	296	1
292	296	1
293	296	1
297	296	1
303	296	1
308	296	1
311	296	1
118	297	1
144	297	1
152	297	1
166	297	1
182	297	1
217	297	1
219	297	1
230	297	1
232	297	1
255	297	1
258	297	1
261	297	1
262	297	1
276	297	1
288	297	1
292	297	1
293	297	1
296	297	1
308	297	1
147	298	1
221	298	1
230	298	1
255	298	1
284	298	1
299	298	1
300	298	1
67	299	1
92	299	1
94	299	1
95	299	1
109	299	1
112	299	1
118	299	1
119	299	1
123	299	1
125	299	1
131	299	1
143	299	1
144	299	1
146	299	1
147	299	1
150	299	1
152	299	1
159	299	1
161	299	1
162	299	1
166	299	1
167	299	1
172	299	1
174	299	1
176	299	1
177	299	1
179	299	1
182	299	1
201	299	1
217	299	1
218	299	1
219	299	1
221	299	1
230	299	1
232	299	1
248	299	1
255	299	1
256	299	1
258	299	1
261	299	1
273	299	1
284	299	1
286	299	1
287	299	1
292	299	1
293	299	1
298	299	1
301	299	1
305	299	1
306	299	1
307	299	1
310	299	1
311	299	1
321	299	1
322	299	1
325	299	1
147	300	1
221	300	1
230	300	1
255	300	1
284	300	1
298	300	1
301	300	1
307	300	1
67	301	1
94	301	1
109	301	1
112	301	1
118	301	1
119	301	1
123	301	1
131	301	1
146	301	1
147	301	1
150	301	1
152	301	1
159	301	1
161	301	1
162	301	1
166	301	1
167	301	1
174	301	1
176	301	1
177	301	1
179	301	1
182	301	1
217	301	1
219	301	1
221	301	1
230	301	1
232	301	1
248	301	1
255	301	1
261	301	1
286	301	1
287	301	1
292	301	1
293	301	1
299	301	1
300	301	1
305	301	1
306	301	1
307	301	1
310	301	1
311	301	1
321	301	1
123	302	1
167	302	1
310	302	1
261	303	1
293	303	1
296	303	1
261	304	1
112	305	1
118	305	1
131	305	1
146	305	1
147	305	1
152	305	1
162	305	1
174	305	1
176	305	1
182	305	1
221	305	1
230	305	1
255	305	1
261	305	1
293	305	1
299	305	1
301	305	1
307	305	1
311	305	1
109	306	1
112	306	1
118	306	1
119	306	1
131	306	1
143	306	1
146	306	1
147	306	1
150	306	1
152	306	1
162	306	1
174	306	1
176	306	1
179	306	1
182	306	1
217	306	1
221	306	1
230	306	1
255	306	1
261	306	1
284	306	1
293	306	1
299	306	1
301	306	1
307	306	1
310	306	1
311	306	1
67	307	1
109	307	1
112	307	1
118	307	1
123	307	1
131	307	1
146	307	1
147	307	1
152	307	1
162	307	1
167	307	1
174	307	1
176	307	1
179	307	1
182	307	1
217	307	1
221	307	1
230	307	1
232	307	1
255	307	1
261	307	1
293	307	1
299	307	1
300	307	1
301	307	1
305	307	1
306	307	1
310	307	1
311	307	1
261	308	1
288	308	1
293	308	1
296	308	1
297	308	1
261	309	1
293	309	1
67	310	1
94	310	1
109	310	1
112	310	1
118	310	1
119	310	1
123	310	1
131	310	1
143	310	1
146	310	1
147	310	1
150	310	1
152	310	1
162	310	1
167	310	1
174	310	1
176	310	1
177	310	1
179	310	1
182	310	1
217	310	1
221	310	1
230	310	1
232	310	1
255	310	1
261	310	1
292	310	1
293	310	1
299	310	1
301	310	1
302	310	1
306	310	1
307	310	1
311	310	1
47	311	1
67	311	1
94	311	1
109	311	1
112	311	1
118	311	1
119	311	1
131	311	1
143	311	1
146	311	1
147	311	1
150	311	1
152	311	1
162	311	1
166	311	1
167	311	1
174	311	1
176	311	1
177	311	1
179	311	1
182	311	1
201	311	1
203	311	1
217	311	1
221	311	1
230	311	1
232	311	1
248	311	1
255	311	1
261	311	1
263	311	1
284	311	1
287	311	1
292	311	1
293	311	1
296	311	1
299	311	1
301	311	1
305	311	1
306	311	1
307	311	1
310	311	1
320	311	1
321	311	1
322	311	1
324	311	1
325	311	1
313	312	1
316	312	1
318	312	1
8	313	1
47	313	1
67	313	1
118	313	1
166	313	1
182	313	1
201	313	1
219	313	1
246	313	1
248	313	1
255	313	1
258	313	1
261	313	1
263	313	1
312	313	1
314	313	1
315	313	1
316	313	1
317	313	1
318	313	1
319	313	1
326	313	1
329	313	1
331	313	1
313	314	1
316	314	1
317	314	1
313	315	1
316	315	1
317	315	1
47	316	1
201	316	1
248	316	1
312	316	1
313	316	1
314	316	1
315	316	1
317	316	1
318	316	1
319	316	1
313	317	1
314	317	1
315	317	1
316	317	1
201	318	1
248	318	1
312	318	1
313	318	1
316	318	1
319	318	1
313	319	1
316	319	1
318	319	1
147	320	1
150	320	1
311	320	1
324	320	1
109	321	1
118	321	1
119	321	1
147	321	1
150	321	1
162	321	1
174	321	1
177	321	1
182	321	1
217	321	1
221	321	1
230	321	1
255	321	1
261	321	1
299	321	1
301	321	1
311	321	1
322	321	1
323	321	1
324	321	1
325	321	1
147	322	1
150	322	1
221	322	1
255	322	1
273	322	1
299	322	1
311	322	1
321	322	1
325	322	1
321	323	1
147	324	1
150	324	1
311	324	1
320	324	1
321	324	1
147	325	1
150	325	1
221	325	1
273	325	1
299	325	1
311	325	1
321	325	1
322	325	1
313	326	1
328	327	1
329	327	1
330	327	1
332	327	1
327	328	1
329	328	1
313	329	1
327	329	1
328	329	1
330	329	1
327	330	1
329	330	1
248	331	1
313	331	1
327	332	1
